function A = nav_jac_A(in1,in2,g_)
%nav_jac_A
%    A = nav_jac_A(IN1,IN2,G_)

%    This function was generated by the Symbolic Math Toolbox version 24.2.
%    19-Apr-2026 14:57:22

bp = in1(11,:);
bq = in1(12,:);
br = in1(13,:);
e0 = in1(7,:);
e1 = in1(8,:);
e2 = in1(9,:);
e3 = in1(10,:);
u_b = in1(4,:);
v_b = in1(5,:);
w_b = in1(6,:);
y_gx = in2(1,:);
y_gy = in2(2,:);
y_gz = in2(3,:);
t2 = e0.^2;
t3 = e1.^2;
t4 = e2.^2;
t5 = e3.^2;
t6 = e0.*e1.*2.0;
t7 = e0.*e2.*2.0;
t8 = e0.*e3.*2.0;
t9 = e1.*e2.*2.0;
t10 = e1.*e3.*2.0;
t11 = e2.*e3.*2.0;
t12 = e0.*g_.*2.0;
t13 = e1.*g_.*2.0;
t14 = e2.*g_.*2.0;
t15 = e3.*g_.*2.0;
t16 = e0.*u_b.*2.0;
t17 = e1.*u_b.*2.0;
t18 = e2.*u_b.*2.0;
t19 = e3.*u_b.*2.0;
t20 = e0.*v_b.*2.0;
t21 = e1.*v_b.*2.0;
t22 = e2.*v_b.*2.0;
t23 = e3.*v_b.*2.0;
t24 = e0.*w_b.*2.0;
t25 = e1.*w_b.*2.0;
t26 = e2.*w_b.*2.0;
t27 = e3.*w_b.*2.0;
t32 = bp./2.0;
t33 = bq./2.0;
t34 = br./2.0;
t35 = e0./2.0;
t36 = e1./2.0;
t37 = e2./2.0;
t38 = e3./2.0;
t39 = y_gx./2.0;
t40 = y_gy./2.0;
t41 = y_gz./2.0;
t28 = -t14;
t29 = -t18;
t30 = -t23;
t31 = -t25;
t42 = -t3;
t43 = -t4;
t44 = -t5;
t45 = -t32;
t46 = -t33;
t47 = -t34;
t48 = -t35;
t49 = -t39;
t50 = -t40;
t51 = -t41;
t58 = t17+t22+t27;
t52 = t39+t45;
t53 = t32+t49;
t54 = t40+t46;
t55 = t33+t50;
t56 = t41+t47;
t57 = t34+t51;
t59 = t21+t24+t29;
t60 = t19+t20+t31;
t61 = t16+t26+t30;
mt1 = [0.0,0.0,0.0,0.0,0.0,0.0,0.0,0.0,0.0,0.0,0.0,0.0,0.0,0.0,0.0,0.0,0.0,0.0,0.0,0.0,0.0,0.0,0.0,0.0,0.0,0.0,0.0,0.0,0.0,0.0,0.0,0.0,0.0,0.0,0.0,0.0,0.0,0.0,0.0,t2+t3+t43+t44,t8+t9,-t7+t10,0.0,br-y_gz,-bq+y_gy,0.0,0.0,0.0,0.0,0.0,0.0,0.0,-t8+t9,t2+t4+t42+t44,t6+t11,-br+y_gz,0.0,bp-y_gx,0.0,0.0,0.0,0.0,0.0,0.0,0.0,t7+t10,-t6+t11,t2+t5+t42+t43,bq-y_gy,-bp+y_gx,0.0,0.0,0.0,0.0,0.0,0.0,0.0,0.0,t61,t60,t59,t28,t13,t12,0.0,t52,t54,t56,0.0,0.0,0.0,t58,t18-t21-t24,t60,t15,t12,-t13,t53,0.0,t57,t54,0.0,0.0,0.0,t59,t58,-t16+t23-t26,-t12,t15,t28,t55,t56,0.0];
mt2 = [t53,0.0,0.0,0.0,-t19-t20+t25,t61,t58,t13,t14,t15,t57,t55,t52,0.0,0.0,0.0,0.0,0.0,0.0,0.0,0.0,-w_b,v_b,t36,t48,-t38,t37,0.0,0.0,0.0,0.0,0.0,0.0,w_b,0.0,-u_b,t37,t38,t48,-t36,0.0,0.0,0.0,0.0,0.0,0.0,-v_b,u_b,0.0,t38,-t37,t36,t48,0.0,0.0,0.0];
A = reshape([mt1,mt2],13,13);
end
